15 15
15 55 
35 55 
35 15
55 15
55 25
85 25
85 15
40 70
40 80
70 80
70 70
55 50
65 60
75 40
0  0
35 0
55 0
85 0
100 15
75 25
100 25
35 50
100 40
0 55
0 70
100 70
0 80
40 100
65 70
100 100
65 40
65 25
74.9950656036573	50.3141075907813
74.9802672842827	50.6279051952931
74.9556196460308	50.9410831331851
74.9211470131448	51.2533323356430
74.8768834059514	51.5643446504023
74.8228725072869	51.8738131458573
74.7591676193875	52.1814324139654
74.6858316112863	52.4868988716486
74.6029368567694	52.7899110603923
74.5105651629515	53.0901699437495
74.4088076895423	53.3873792024529
74.2977648588825	53.6812455268468
74.1775462568398	53.9714789063478
74.0482705246602	54.2577929156507
73.9100652418837	54.5399049973955
73.7630668004386	54.8175367410172
73.6074202700394	55.0904141575037
73.4432792550201	55.3582679497900
73.2708057427456	55.6208337785213
73.0901699437495	55.8778525229247
72.9015501237569	56.1290705365298
72.7051324277579	56.3742398974869
72.5011106963046	56.6131186532365
72.2896862742141	56.8454710592869
72.0710678118655	57.0710678118655
71.8454710592869	57.2896862742141
71.6131186532365	57.5011106963046
71.3742398974869	57.7051324277579
71.1290705365298	57.9015501237569
70.8778525229247	58.0901699437495
70.6208337785213	58.2708057427456
70.3582679497900	58.4432792550202
70.0904141575037	58.6074202700394
69.8175367410172	58.7630668004386
69.5399049973955	58.9100652418837
69.2577929156507	59.0482705246602
68.9714789063478	59.1775462568398
68.6812455268468	59.2977648588825
68.3873792024529	59.4088076895423
68.0901699437495	59.5105651629515
67.7899110603923	59.6029368567694
67.4868988716486	59.6858316112863
67.1814324139654	59.7591676193875
66.8738131458572	59.8228725072869
66.5643446504023	59.8768834059514
66.2533323356430	59.9211470131448
65.9410831331852	59.9556196460308
65.6279051952931	59.9802672842827
65.3141075907813	59.9950656036573
65	60
64.6858924092187	59.9950656036573
64.3720948047069	59.9802672842827
64.0589168668149	59.9556196460308
63.7466676643570	59.9211470131448
63.4356553495977	59.8768834059514
63.1261868541428	59.8228725072869
62.8185675860346	59.7591676193875
62.5131011283515	59.6858316112863
62.2100889396077	59.6029368567694
61.9098300562505	59.5105651629515
61.6126207975471	59.4088076895423
61.3187544731532	59.2977648588825
61.0285210936522	59.1775462568398
60.7422070843493	59.0482705246602
60.4600950026045	58.9100652418837
60.1824632589829	58.7630668004386
59.9095858424963	58.6074202700394
59.6417320502100	58.4432792550202
59.3791662214787	58.2708057427456
59.1221474770753	58.0901699437495
58.8709294634702	57.9015501237569
58.6257601025131	57.7051324277579
58.3868813467635	57.5011106963046
58.1545289407131	57.2896862742141
57.9289321881345	57.0710678118655
57.7103137257859	56.8454710592869
57.4988893036954	56.6131186532365
57.2948675722421	56.3742398974869
57.0984498762431	56.1290705365298
56.9098300562505	55.8778525229247
56.7291942572544	55.6208337785213
56.5567207449799	55.3582679497900
56.3925797299606	55.0904141575037
56.2369331995614	54.8175367410172
56.0899347581163	54.5399049973955
55.9517294753398	54.2577929156507
55.8224537431602	53.9714789063478
55.7022351411175	53.6812455268468
55.5911923104577	53.3873792024529
55.4894348370485	53.0901699437495
55.3970631432306	52.7899110603923
55.3141683887137	52.4868988716486
55.2408323806125	52.1814324139654
55.1771274927131	51.8738131458573
55.1231165940486	51.5643446504023
55.0788529868552	51.2533323356430
55.0443803539692	50.9410831331851
55.0197327157173	50.6279051952931
55.0049343963427	50.3141075907813
55	50
55.0049343963427	49.6858924092187
55.0197327157173	49.3720948047069
55.0443803539692	49.0589168668149
55.0788529868552	48.7466676643570
55.1231165940486	48.4356553495977
55.1771274927131	48.1261868541428
55.2408323806125	47.8185675860346
55.3141683887137	47.5131011283515
55.3970631432306	47.2100889396077
55.4894348370485	46.9098300562505
55.5911923104577	46.6126207975471
55.7022351411175	46.3187544731532
55.8224537431602	46.0285210936522
55.9517294753398	45.7422070843493
56.0899347581163	45.4600950026045
56.2369331995614	45.1824632589829
56.3925797299606	44.9095858424963
56.5567207449799	44.6417320502100
56.7291942572544	44.3791662214787
56.9098300562505	44.1221474770753
57.0984498762431	43.8709294634702
57.2948675722421	43.6257601025131
57.4988893036954	43.3868813467635
57.7103137257859	43.1545289407131
57.9289321881345	42.9289321881345
58.1545289407131	42.7103137257859
58.3868813467635	42.4988893036954
58.6257601025131	42.2948675722421
58.8709294634702	42.0984498762431
59.1221474770753	41.9098300562505
59.3791662214787	41.7291942572544
59.6417320502100	41.5567207449799
59.9095858424963	41.3925797299606
60.1824632589828	41.2369331995614
60.4600950026045	41.0899347581163
60.7422070843493	40.9517294753398
61.0285210936522	40.8224537431602
61.3187544731532	40.7022351411175
61.6126207975471	40.5911923104577
61.9098300562505	40.4894348370485
62.2100889396077	40.3970631432306
62.5131011283514	40.3141683887137
62.8185675860346	40.2408323806125
63.1261868541427	40.1771274927131
63.4356553495977	40.1231165940486
63.7466676643570	40.0788529868552
64.0589168668149	40.0443803539692
64.3720948047069	40.0197327157173
64.6858924092187	40.0049343963427
65	40
65.3141075907813	40.0049343963427
65.6279051952931	40.0197327157173
65.9410831331851	40.0443803539692
66.2533323356430	40.0788529868552
66.5643446504023	40.1231165940486
66.8738131458572	40.1771274927131
67.1814324139654	40.2408323806125
67.4868988716486	40.3141683887137
67.7899110603923	40.3970631432306
68.0901699437495	40.4894348370485
68.3873792024529	40.5911923104577
68.6812455268468	40.7022351411175
68.9714789063478	40.8224537431602
69.2577929156507	40.9517294753398
69.5399049973955	41.0899347581163
69.8175367410172	41.2369331995614
70.0904141575037	41.3925797299606
70.3582679497900	41.5567207449799
70.6208337785213	41.7291942572544
70.8778525229247	41.9098300562505
71.1290705365298	42.0984498762431
71.3742398974869	42.2948675722421
71.6131186532365	42.4988893036954
71.8454710592869	42.7103137257859
72.0710678118655	42.9289321881345
72.2896862742141	43.1545289407131
72.5011106963046	43.3868813467635
72.7051324277579	43.6257601025131
72.9015501237569	43.8709294634702
73.0901699437495	44.1221474770753
73.2708057427456	44.3791662214787
73.4432792550201	44.6417320502100
73.6074202700394	44.9095858424963
73.7630668004386	45.1824632589829
73.9100652418837	45.4600950026045
74.0482705246602	45.7422070843493
74.1775462568398	46.0285210936522
74.2977648588825	46.3187544731532
74.4088076895423	46.6126207975471
74.5105651629515	46.9098300562505
74.6029368567694	47.2100889396077
74.6858316112863	47.5131011283514
74.7591676193875	47.8185675860346
74.8228725072869	48.1261868541428
74.8768834059514	48.4356553495977
74.9211470131448	48.7466676643570
74.9556196460308	49.0589168668149
74.9802672842827	49.3720948047069
74.9950656036573	49.6858924092187
75	50